
 Hubbard

 ================================================================
 Compiled on Mar 24 2010 at 14:08:16
 VCS BASE repository version:
     9822b06e33e4de878e6eb604f9de7cba19b937c8
 Working directory: 
     /home/james/work/src/hubbard_fciqmc/test_suite/kspace_1d
 Started running on 24/03/2010 at 14:08:33
 Running on: mini-pintsize
 ================================================================

 Input options
 -------------

lattice
4
electrons 4
fci
lanczos
eigenvectors
end

 -------------

 Basis functions
 ---------------

 Spin given in units of 1/2.
 k-points given in terms of the reciprocal lattice vectors of the primitive cell.

 index   k-point   ms     kinetic energy
     1   ( 0)      1     -2.00000000
     2   ( 0)     -1     -2.00000000
     3   (-1)      1     -0.00000000
     4   (-1)     -1     -0.00000000
     5   ( 1)      1     -0.00000000
     6   ( 1)     -1     -0.00000000
     7   ( 2)      1      2.00000000
     8   ( 2)     -1      2.00000000

 Number of electrons: 4
 Number of basis functions: 8
 Total size of determinant space: 70

 Symmetry information
 --------------------

 The table below gives the label and inverse of each wavevector.

 Index    k-point   Inverse
   1      ( 0)        1
   2      (-1)        3
   3      ( 1)        2
   4      ( 2)        4

 The matrix below gives the result of k_i+k_j to within a reciprocal lattice vector.

  1  2  3  4
  2  4  1  3
  3  1  4  2
  4  3  2  1

 Diagonalisation
 ===============

 Considering determinants with spin:  0

 Size of determinant space
 -------------------------

 The table below gives the number of determinants for each symmetry with Ms=0.

 Symmetry index      # dets
         1               10
         2                8
         3                8
         4               10

 Diagonalising symmetry block 1 out of 4

 Performing Lanczos diagonalisation...

 TRLAN: info%ned (           5 ) is large relative to the matrix dimension (          10 )
        it might be more appropriate to use LAPACK dsyev/ssyev
 TRLan (Lanczos) information:

                                        2010/03/24 14:08:33.710 (+00:00)
 TRLAN execution summary (exit status =           0 )
Number of SMALLEST eigenpairs:          9 (computed),          5 (wanted)
Times the operator is applied:         10 (MAX:             1000 ).
Problem size:                          10 (PE:   0),          10 (Global)
Convergence tolerance:          1.490E-08 (rel),       7.958E-08 (abs)
Maximum basis size:                    40
Restarting scheme:                      0
Number of re-orthogonalizations         8
Number of (re)start loops:              1
Number of eigenpairs locked:            0
time in OP:                   0.00000E+00 sec
time in orth:                 0.00000E+00 sec
time in restarting:           0.00000E+00 sec
TRLAN on this PE:       2.1475E+06 sec,  0.0000E+00 FLOP/S ( 0.0000E+00 FLOP)


 Performing exact diagonalisation...

           1 =  0.70340211684711018       4.80002224673601527E-002  0.70340211684711029      -4.80002224673602221E-002 -2.31650709687221832E-017  1.12266135320492644E-016  4.80002224673601666E-002 -2.48479234780802291E-002 -4.80002224673602082E-002 -2.48479234780801320E-002
           2 = -0.69595567907592604       5.08274250256362178E-002  0.69595567907592615       5.08274250256361276E-002  0.10165485005127234      -0.10165485005127251      -5.08274250256360444E-002  1.20469893976391570E-002 -5.08274250256362664E-002 -1.20469893976392298E-002
           3 =  6.96259688315061798E-002 -0.49608296894414011       6.96259688315068598E-002  0.49608296894413900      -1.45307834292717315E-015  1.51079824842538111E-015 -0.49608296894413867       5.43654330564010829E-002  0.49608296894414067       5.43654330564005833E-002
           4 =  0.12176328847857755       0.28165953565239343      -0.12176328847857705       0.28165953565239615       0.56331907130478986      -0.56331907130478942      -0.28165953565239610      -9.58182520992058584E-002 -0.28165953565239338       9.58182520992060111E-002
           5 =  1.15281483903104578E-018 -0.52154747580083838       6.97569366446578126E-017 -0.29158632700780257      -0.37810797979925331      -0.37810797979925359      -0.29158632700780290      -2.68373948656707432E-017 -0.52154747580083860       5.45836781071955029E-017
           6 =  3.06257467574001102E-017 -0.10060187259168726       8.34395215681266178E-017 -0.48026963121384214       0.50913686231186017       0.50913686231186028      -0.48026963121384225       2.75827808943890362E-017 -0.10060187259168693        0.0000000000000000     
           7 = -2.19279889385193272E-017 -0.46676278098925139      -1.02457105299880169E-017  0.42932329919982060       0.31275231581454566       0.31275231581454593       0.42932329919982071       9.35124373768747574E-017 -0.46676278098925145        0.0000000000000000     
           8 = -3.73131649686421994E-017 -0.40824829046386313      -3.59758890056815555E-017 -0.40824829046386296       0.40824829046386291      -0.40824829046386307       0.40824829046386313      -4.91936960488164870E-017  0.40824829046386296      -2.72482890070344830E-017
           9 =  1.94341575397222917E-002  3.99708214407946613E-002  1.94341575397221217E-002 -3.99708214407946405E-002  4.67613008861209045E-017 -8.98549491106306886E-017  3.99708214407946474E-002  0.70457574496104869      -3.99708214407944948E-002  0.70457574496104969     
          10 = -2.86250649055963396E-002 -3.76538467447090422E-002  2.86250649055964680E-002 -3.76538467447090491E-002 -7.53076934894180705E-002  7.53076934894180983E-002  3.76538467447090422E-002 -0.70048107227184009       3.76538467447089034E-002  0.70048107227183898     
 ---------------

 Diagonalising symmetry block 2 out of 4

 Performing Lanczos diagonalisation...

 TRLAN: info%ned (           5 ) is large relative to the matrix dimension (           8 )
        it might be more appropriate to use LAPACK dsyev/ssyev
 TRLan (Lanczos) information:

                                        2010/03/24 14:08:33.711 (+00:00)
 TRLAN execution summary (exit status =           0 )
Number of SMALLEST eigenpairs:          7 (computed),          5 (wanted)
Times the operator is applied:          7 (MAX:             1000 ).
Problem size:                           8 (PE:   0),           8 (Global)
Convergence tolerance:          1.490E-08 (rel),       5.307E-08 (abs)
Maximum basis size:                    40
Restarting scheme:                      0
Number of re-orthogonalizations         8
Number of (re)start loops:              1
Number of eigenpairs locked:            0
time in OP:                   0.00000E+00 sec
time in orth:                 0.00000E+00 sec
time in restarting:           0.00000E+00 sec
TRLAN on this PE:       1.0000E-03 sec,  0.0000E+00 FLOP/S ( 0.0000E+00 FLOP)


 Performing exact diagonalisation...

           1 = -0.49625377834145129       0.49625377834145129      -0.49625377834145179       6.10916318478521916E-002  0.49625377834145146      -6.10916318478521153E-002 -6.10916318478523027E-002  6.10916318478523443E-002
           2 =  0.62982076471617010       0.62982076471617010      -0.32144331433759626      -5.13567328254571088E-017 -0.32144331433759643      -3.95525701462853441E-018  1.03606327093790453E-016 -1.69625948724164907E-017
           3 =  0.32144331433759626       0.32144331433759626       0.62982076471616999       1.00625943358344315E-016  0.62982076471617043       7.74974275864407895E-018 -2.03001317025720632E-016  3.32357028365371177E-017
           4 =  0.49625377834145162      -0.49625377834145162      -0.49625377834145146      -6.10916318478523027E-002  0.49625377834145118       6.10916318478522263E-002 -6.10916318478521500E-002  6.10916318478522125E-002
           5 =  6.10916318478521986E-002 -6.10916318478521986E-002  6.10916318478521916E-002  0.49625377834145218      -6.10916318478522888E-002 -0.49625377834145090      -0.49625377834145051       0.49625377834145235     
           6 = -1.00382385273161521E-016  1.16526737599855382E-016  8.08779152539073444E-017 -0.24415296734052302       1.07955685411589394E-016 -0.24415296734052161       0.66361836061008617       0.66361836061008561     
           7 = -2.26186381402472022E-017  6.64996883722098189E-017  9.23782638779285266E-017 -0.66361836061008495      -8.19955346060792171E-017 -0.66361836061008683      -0.24415296734052272      -0.24415296734052200     
           8 = -6.10916318478522541E-002  6.10916318478522541E-002  6.10916318478522333E-002 -0.49625377834145173      -6.10916318478523374E-002  0.49625377834145112      -0.49625377834145218       0.49625377834145112     
 ---------------

 Diagonalising symmetry block 3 out of 4

 Performing Lanczos diagonalisation...

 TRLAN: info%ned (           5 ) is large relative to the matrix dimension (           8 )
        it might be more appropriate to use LAPACK dsyev/ssyev
 TRLan (Lanczos) information:

                                        2010/03/24 14:08:33.713 (+00:00)
 TRLAN execution summary (exit status =           0 )
Number of SMALLEST eigenpairs:          7 (computed),          5 (wanted)
Times the operator is applied:          7 (MAX:             1000 ).
Problem size:                           8 (PE:   0),           8 (Global)
Convergence tolerance:          1.490E-08 (rel),       5.307E-08 (abs)
Maximum basis size:                    40
Restarting scheme:                      0
Number of re-orthogonalizations         8
Number of (re)start loops:              1
Number of eigenpairs locked:            0
time in OP:                   0.00000E+00 sec
time in orth:                 0.00000E+00 sec
time in restarting:           0.00000E+00 sec
TRLAN on this PE:       2.1475E+06 sec,  0.0000E+00 FLOP/S ( 0.0000E+00 FLOP)


 Performing exact diagonalisation...

           1 = -0.49625377834145151       0.49625377834145151       0.49625377834145162      -6.10916318478521847E-002 -0.49625377834145162       6.10916318478522194E-002 -6.10916318478522055E-002  6.10916318478522818E-002
           2 =  0.70710678118654757       0.70710678118654746      -6.65660157607118140E-017  2.59151712862811625E-017 -9.75343687117138380E-017 -5.05318166472086462E-018  1.25311264973897314E-017   0.0000000000000000     
           3 = -6.70518902572331539E-018  6.70518902572331539E-018 -0.70710678118654746       3.13944291570333878E-017 -0.70710678118654746       2.21854869544846345E-017  4.85794076235913318E-017 -4.41599697932734855E-018
           4 =  0.49625377834145162      -0.49625377834145162       0.49625377834145140       6.10916318478521569E-002 -0.49625377834145140      -6.10916318478522263E-002 -6.10916318478523165E-002  6.10916318478522402E-002
           5 =  6.10916318478522957E-002 -6.10916318478522957E-002 -6.10916318478522888E-002 -0.49625377834145112       6.10916318478522194E-002  0.49625377834145185      -0.49625377834145162       0.49625377834145157     
           6 =  3.56371002816647057E-017 -3.56371002816647057E-017  8.36833560457523850E-017 -0.68687439689547414       4.27528792942644966E-017 -0.68687439689547314       0.16793916425146105       0.16793916425146102     
           7 = -3.37674981434472399E-017  3.37674981434472399E-017  3.54202691120762521E-017  0.16793916425146083       4.73868948456103585E-017  0.16793916425146133       0.68687439689547380       0.68687439689547358     
           8 = -6.10916318478522610E-002  6.10916318478522610E-002 -6.10916318478522055E-002  0.49625377834145146       6.10916318478522055E-002 -0.49625377834145201      -0.49625377834145101       0.49625377834145168     
 ---------------

 Diagonalising symmetry block 4 out of 4

 Performing Lanczos diagonalisation...

 TRLAN: info%ned (           5 ) is large relative to the matrix dimension (          10 )
        it might be more appropriate to use LAPACK dsyev/ssyev
 TRLan (Lanczos) information:

                                        2010/03/24 14:08:33.714 (+00:00)
 TRLAN execution summary (exit status =           0 )
Number of SMALLEST eigenpairs:          9 (computed),          5 (wanted)
Times the operator is applied:         10 (MAX:             1000 ).
Problem size:                          10 (PE:   0),          10 (Global)
Convergence tolerance:          1.490E-08 (rel),       7.887E-08 (abs)
Maximum basis size:                    40
Restarting scheme:                      0
Number of re-orthogonalizations        13
Number of (re)start loops:              1
Number of random vectors used:          1
Number of eigenpairs locked:            0
OP(MATVEC):             1.0000E-03 sec,  2.4000E+06 FLOP/S ( 2.4000E+03 FLOP)
time in orth:                 0.00000E+00 sec
time in restarting:           0.00000E+00 sec
TRLAN on this PE:       2.1475E+06 sec,  3.8920E-03 FLOP/S ( 8.3580E+03 FLOP)


 Performing exact diagonalisation...

           1 = -0.70048107227183964      -3.76538467447089520E-002  0.70048107227183898      -3.76538467447090908E-002  7.53076934894180844E-002  7.53076934894180428E-002 -3.76538467447090422E-002  2.86250649055962529E-002 -3.76538467447091324E-002 -2.86250649055963258E-002
           2 =  0.70457574496104902      -3.99708214407946683E-002  0.70457574496104936       3.99708214407946266E-002  9.67441222218931201E-017  1.91647777041734010E-016  3.99708214407946752E-002 -1.94341575397223125E-002 -3.99708214407947654E-002 -1.94341575397223264E-002
           3 =  1.92236108198682738E-017 -0.40824829046386285       6.07862538387314017E-017 -0.40824829046386291      -0.40824829046386291      -0.40824829046386302      -0.40824829046386296       4.11955534569687255E-017 -0.40824829046386296       5.67328037835771001E-018
           4 = -3.97214520896776904E-017  0.19992729385088492       7.50447484656667131E-017  0.64862909650134903      -0.19826591322087000       0.19826591322087031      -0.64862909650134892       7.05125061700215499E-017 -0.19992729385088456      -2.04002514776374286E-017
           5 =  6.58646693955834979E-018 -0.12716315666439237      -1.90576040805231654E-017 -0.16718830408766419      -0.67518708708286024       0.67518708708286024       0.16718830408766430       3.88278120088365574E-017  0.12716315666439207       4.54933423904882797E-018
           6 =  1.00594039252437613E-017 -0.66622714501933122       8.13404418461397217E-017  0.22655764420591573       6.93759691194037603E-002 -6.93759691194032052E-002 -0.22655764420591595       1.27125805405401657E-016  0.66622714501933133      -8.24164931467684628E-017
           7 = -9.58182520992059694E-002  0.28165953565239460       9.58182520992058862E-002  0.28165953565239499      -0.56331907130478953      -0.56331907130478953       0.28165953565239477      -0.12176328847857718       0.28165953565239527       0.12176328847857727     
           8 =  5.43654330564009233E-002  0.49608296894413945       5.43654330564009858E-002 -0.49608296894413978       2.49216043143813896E-017  1.34161749455873996E-016 -0.49608296894413922      -6.96259688315063602E-002  0.49608296894413934      -6.96259688315064990E-002
           9 = -1.20469893976392437E-002 -5.08274250256362317E-002  1.20469893976390251E-002 -5.08274250256360444E-002  0.10165485005127224       0.10165485005127223      -5.08274250256360097E-002 -0.69595567907592693      -5.08274250256360860E-002  0.69595567907592448     
          10 =  2.48479234780800834E-002  4.80002224673600209E-002  2.48479234780802603E-002 -4.80002224673603053E-002  3.15540101642960980E-016  3.20127632085290270E-016 -4.80002224673603400E-002  0.70340211684710863       4.80002224673598890E-002  0.70340211684711129     
 ---------------

 Considering determinants with spin:  2

 Size of determinant space
 -------------------------

 The table below gives the number of determinants for each symmetry with Ms=2.

 Symmetry index      # dets
         1                4
         2                4
         3                4
         4                4

 Diagonalising symmetry block 1 out of 4

 Performing Lanczos diagonalisation...

 TRLAN: info%ned (           4 ) is large relative to the matrix dimension (           4 )
        it might be more appropriate to use LAPACK dsyev/ssyev
 TRLan (Lanczos) information:

                                        2010/03/24 14:08:33.716 (+00:00)
 TRLAN execution summary (exit status =           0 )
Number of SMALLEST eigenpairs:          4 (computed),          4 (wanted)
Times the operator is applied:          4 (MAX:             1000 ).
Problem size:                           4 (PE:   0),           4 (Global)
Convergence tolerance:          1.490E-08 (rel),       7.131E-08 (abs)
Maximum basis size:                    40
Restarting scheme:                      0
Number of re-orthogonalizations         3
Number of (re)start loops:              1
Number of eigenpairs locked:            0
time in OP:                   0.00000E+00 sec
time in orth:                 0.00000E+00 sec
time in restarting:           0.00000E+00 sec
TRLAN on this PE:       2.1475E+06 sec,  0.0000E+00 FLOP/S ( 0.0000E+00 FLOP)


 Performing exact diagonalisation...

           1 = -0.99476081344712752      -6.78825656102665098E-002  6.78825656102664821E-002  3.51402703795097651E-002
           2 =  9.84659894148829651E-002 -0.70156726274311310       0.70156726274311287       7.68843327526487069E-002
           3 =  1.89090933031864948E-017  0.70710678118654746       0.70710678118654768       1.63770762870733072E-017
           4 =  2.74840491659706400E-002  5.65272777807651478E-002 -5.65272777807651547E-002  0.99642057424304276     
 ---------------

 Diagonalising symmetry block 2 out of 4

 Performing Lanczos diagonalisation...

 TRLAN: info%ned (           4 ) is large relative to the matrix dimension (           4 )
        it might be more appropriate to use LAPACK dsyev/ssyev
 TRLan (Lanczos) information:

                                        2010/03/24 14:08:33.717 (+00:00)
 TRLAN execution summary (exit status =           0 )
Number of SMALLEST eigenpairs:          4 (computed),          4 (wanted)
Times the operator is applied:          4 (MAX:             1000 ).
Problem size:                           4 (PE:   0),           4 (Global)
Convergence tolerance:          1.490E-08 (rel),       4.470E-08 (abs)
Maximum basis size:                    40
Restarting scheme:                      0
Number of re-orthogonalizations         4
Number of (re)start loops:              1
Number of eigenpairs locked:            0
time in OP:                   0.00000E+00 sec
time in orth:                 0.00000E+00 sec
time in restarting:           0.00000E+00 sec
TRLAN on this PE:       2.1475E+06 sec,  0.0000E+00 FLOP/S ( 0.0000E+00 FLOP)


 Performing exact diagonalisation...

           1 = -0.70180882370937203       0.70180882370937248      -8.63966143067366465E-002  8.63966143067367159E-002
           2 =  0.70710678118654779       0.70710678118654724       2.81653483110587637E-017 -3.07512804066058963E-017
           3 =  8.63966143067367021E-002 -8.63966143067366188E-002 -0.70180882370937336       0.70180882370937137     
           4 =  1.70951577546651912E-016 -2.43247533660700954E-016  0.70710678118654635       0.70710678118654857     
 ---------------

 Diagonalising symmetry block 3 out of 4

 Performing Lanczos diagonalisation...

 TRLAN: info%ned (           4 ) is large relative to the matrix dimension (           4 )
        it might be more appropriate to use LAPACK dsyev/ssyev
 TRLan (Lanczos) information:

                                        2010/03/24 14:08:33.717 (+00:00)
 TRLAN execution summary (exit status =           0 )
Number of SMALLEST eigenpairs:          4 (computed),          4 (wanted)
Times the operator is applied:          4 (MAX:             1000 ).
Problem size:                           4 (PE:   0),           4 (Global)
Convergence tolerance:          1.490E-08 (rel),       4.470E-08 (abs)
Maximum basis size:                    40
Restarting scheme:                      0
Number of re-orthogonalizations         4
Number of (re)start loops:              1
Number of eigenpairs locked:            0
time in OP:                   0.00000E+00 sec
time in orth:                 0.00000E+00 sec
time in restarting:           0.00000E+00 sec
TRLAN on this PE:       2.1475E+06 sec,  0.0000E+00 FLOP/S ( 0.0000E+00 FLOP)


 Performing exact diagonalisation...

           1 =  0.70180882370937225       8.63966143067368270E-002 -0.70180882370937248      -8.63966143067367298E-002
           2 =  0.70710678118654768       1.08997222829626247E-017  0.70710678118654735      -2.15225766069983596E-017
           3 =  8.63966143067367021E-002 -0.70180882370937259      -8.63966143067366882E-002  0.70180882370937203     
           4 =  7.46676483663610835E-017  0.70710678118654702      -7.64430294238060970E-017  0.70710678118654779     
 ---------------

 Diagonalising symmetry block 4 out of 4

 Performing Lanczos diagonalisation...

 TRLAN: info%ned (           4 ) is large relative to the matrix dimension (           4 )
        it might be more appropriate to use LAPACK dsyev/ssyev
 TRLan (Lanczos) information:

                                        2010/03/24 14:08:33.718 (+00:00)
 TRLAN execution summary (exit status =           0 )
Number of SMALLEST eigenpairs:          4 (computed),          4 (wanted)
Times the operator is applied:          4 (MAX:             1000 ).
Problem size:                           4 (PE:   0),           4 (Global)
Convergence tolerance:          1.490E-08 (rel),       1.490E-08 (abs)
Maximum basis size:                    40
Restarting scheme:                      0
Number of re-orthogonalizations        11
Number of (re)start loops:              1
Number of random vectors used:          2
Number of eigenpairs locked:            0
time in OP:                   0.00000E+00 sec
time in orth:                 0.00000E+00 sec
time in restarting:           0.00000E+00 sec
TRLAN on this PE:       1.0000E-03 sec,  0.0000E+00 FLOP/S ( 0.0000E+00 FLOP)


 Performing exact diagonalisation...

           1 =  0.49999999999999994       0.49999999999999994       0.49999999999999994       0.50000000000000000     
           2 = -0.40824829046386296      -0.40824829046386296       0.81649658092772592        0.0000000000000000     
           3 = -0.28867513459481287      -0.28867513459481287      -0.28867513459481287       0.86602540378443860     
           4 =  0.70710678118654757      -0.70710678118654746      -6.40884929087588758E-017   0.0000000000000000     
 ---------------

 Considering determinants with spin:  4

 Size of determinant space
 -------------------------

 The table below gives the number of determinants for each symmetry with Ms=4.

 Symmetry index      # dets
         1                0
         2                0
         3                0
         4                1

 No determinants with spin 4 in symmetry block 1 out of 4

 ---------------

 No determinants with spin 4 in symmetry block 2 out of 4

 ---------------

 No determinants with spin 4 in symmetry block 3 out of 4

 ---------------

 Diagonalising symmetry block 4 out of 4

 Performing trivial diagonalisation.

 ---------------

 Lanczos diagonalisation results
 -------------------------------

    State   Spin   Total energy
      1       0    -3.340847617248
      2       2    -3.292951380696
      3      -2    -3.292951380696
      4       0    -3.292951380696
      5       0    -2.863876339070
      6       0    -2.785260864830
      7       2    -1.561552812809
      8      -2    -1.561552812809
      9       0    -1.561552812809
     10       0    -1.561552812809
     11       2    -1.561552812809
     12      -2    -1.561552812809
     13       2    -1.000000000000
     14      -2    -1.000000000000
     15       2    -1.000000000000
     16      -2    -1.000000000000
     17       0    -1.000000000000
     18       0    -1.000000000000
     19       0    -1.000000000000
     20       0    -1.000000000000
     21       0    -0.561552812809
     22       0    -0.561552812809
     23       2     0.000000000000
     24      -2     0.000000000000
     25       4     0.000000000000
     26      -4     0.000000000000
     27       0     0.000000000000
     28       0     0.507690515867
     29       2     0.507690515867
     30      -2     0.507690515867
     31       0     0.523028721821
     32       0     1.000000000000
     33       0     1.000000000000
     34       0     1.000000000000
     35       2     1.000000000000
     36      -2     1.000000000000
     37       2     1.000000000000
     38      -2     1.000000000000
     39       2     1.000000000000
     40      -2     1.000000000000
     41       2     1.000000000000
     42      -2     1.000000000000
     43       2     2.561552812809
     44      -2     2.561552812809
     45       0     2.561552812809
     46       0     2.561552812809
     47       2     2.561552812809
     48      -2     2.561552812809
     49       2     3.000000000000
     50      -2     3.000000000000
     51       2     3.000000000000
     52      -2     3.000000000000
     53       2     4.785260864830
     54      -2     4.785260864830

 Lanczos ground state:   -3.340847617248

 Exact diagonalisation results
 -----------------------------

    State   Spin   Total energy
      1       0    -3.340847617248
      2       0    -3.292951380696
      3       2    -3.292951380696
      4      -2    -3.292951380696
      5       0    -2.863876339070
      6       0    -2.785260864830
      7       0    -1.561552812809
      8       2    -1.561552812809
      9      -2    -1.561552812809
     10       0    -1.561552812809
     11       2    -1.561552812809
     12      -2    -1.561552812809
     13       2    -1.000000000000
     14      -2    -1.000000000000
     15       0    -1.000000000000
     16       0    -1.000000000000
     17       2    -1.000000000000
     18      -2    -1.000000000000
     19       0    -1.000000000000
     20       0    -1.000000000000
     21       0    -0.561552812809
     22       0    -0.561552812809
     23       2    -0.000000000000
     24      -2    -0.000000000000
     25       4     0.000000000000
     26      -4     0.000000000000
     27       0     0.000000000000
     28       0     0.507690515867
     29       2     0.507690515867
     30      -2     0.507690515867
     31       0     0.523028721821
     32       0     1.000000000000
     33       0     1.000000000000
     34       0     1.000000000000
     35       0     1.000000000000
     36       0     1.000000000000
     37       2     1.000000000000
     38      -2     1.000000000000
     39       2     1.000000000000
     40      -2     1.000000000000
     41       2     1.000000000000
     42      -2     1.000000000000
     43       2     1.000000000000
     44      -2     1.000000000000
     45       0     1.000000000000
     46       0     1.476971278179
     47       0     1.492309484133
     48       0     2.000000000000
     49       2     2.561552812809
     50      -2     2.561552812809
     51       2     2.561552812809
     52      -2     2.561552812809
     53       0     2.561552812809
     54       0     2.561552812809
     55       0     3.000000000000
     56       2     3.000000000000
     57      -2     3.000000000000
     58       0     3.000000000000
     59       0     3.000000000000
     60       2     3.000000000000
     61      -2     3.000000000000
     62       0     3.000000000000
     63       0     3.561552812809
     64       0     3.561552812809
     65       0     4.785260864830
     66       2     4.785260864830
     67      -2     4.785260864830
     68       0     4.863876339070
     69       0     5.292951380696
     70       0     5.340847617248

 Exact ground state:   -3.340847617248

